3 4 6521 11444 3312 6282 
2 5 6282 349 3340 9388 321 
2 5 6282 6334 9334 9361 11372 
1 4 6332 6402 3380 362 
1 3 6332 11245 6375 
3 4 6521 9428 6441 514 
2 5 6521 375 11219 11276 321 
3 4 6521 3499 9456 3522 
1 4 3522 9375 526 6377 
1 4 6377 6263 6325 9347 
2 3 9347 6257 6389 
3 7 6521 11505 9496 3572 6595 552 9570 
2 3 6282 3207 9496 
1 4 9347 3368 3231 11366 
1 3 6377 3271 3326 
2 4 9347 6325 6349 3326 
1 2 3326 241 
1 6 6469 6622 11346 9281 11264 241 
1 2 6469 587 
3 2 6469 495 
1 3 495 6535 11388 
1 4 11388 247 309 3326 
1 6 495 6535 9509 405 3395 6377 
1 4 6469 6570 529 11494 
2 4 11494 3423 9575 11531 
3 3 11494 6444 6488 
2 5 6488 11560 11547 563 11531 
3 4 9517 6568 589 6488 
2 5 11531 563 3558 3530 9517 
3 2 9517 11499 
2 2 11499 708 
1 3 708 3705 692 
1 3 692 11653 9515 
2 5 9517 3530 6542 6712 3692 
1 4 3692 3679 6934 9655 
1 4 9655 11638 6693 692 
1 3 11499 3690 9655 
3 5 495 3398 9547 3524 6488 
2 4 9515 3299 571 11544 
1 3 692 9652 707 
1 4 707 3688 6725 9515 
2 4 11499 9545 11529 11544 
2 6 11544 9572 11417 11445 3397 6488 
1 5 6488 3524 6549 9524 3561 
3 4 3561 425 6487 3522 
1 3 3561 6513 564 
1 4 564 11431 9443 495 
1 4 6377 11493 3355 564 
1 4 6488 3524 11533 564 
1 4 3561 425 6582 3535 
1 3 3535 11481 514 
1 4 3535 6582 6487 3522 
2 8 11544 9416 3474 482 6524 538 6501 3535 
1 4 11372 11343 9263 362 
1 14 6521 11505 9496 537 6236 9387 9252 11260 11288 334 389 3380 6402 6332 
1 7 6332 395 9398 3384 11312 3272 6296 
1 3 3320 327 6296 
3 16 3151 149 11068 9164 6095 6035 6086 9111 187 2999 11315 3215 11250 3358 11282 6380 
2 5 11805 3861 3798 6924 9817 
1 6 11805 924 11885 3926 9877 4902 
1 3 3926 3886 11851 
1 2 970 9869 
1 7 6880 3790 3866 980 970 11768 11805 
1 3 6734 9686 11677 
1 4 11677 11692 6955 758 
3 4 9764 854 6927 9824 
1 5 9764 6812 6966 3873 6817 
2 4 6817 9896 6906 6959 
1 4 6906 6959 9889 4098 
1 5 1093 10109 4065 11956 1176 
1 3 1176 11956 12038 
1 5 1176 7068 7198 6744 875 
1 5 1176 7068 10009 7153 4135 
1 2 10009 9979 
1 3 7183 1048 7943 
1 3 7183 4080 9815 
1 6 9815 11749 6954 931 9925 4902 
1 6 4902 9839 11756 794 6867 6907 
1 8 6914 10725 1897 9881 3986 11780 6866 4902 
2 3 7183 1178 875 
1 4 3816 9813 11821 915 
1 5 9764 9797 872 11819 915 
2 3 3938 9767 6993 
1 5 6993 9785 11766 6878 6901 
2 3 11766 813 3816 
2 6 3938 3794 939 9800 9846 11825 
2 6 11825 6936 903 885 11852 3735 
3 3 740 7041 3735 
1 3 3735 932 9857 
1 3 3735 3933 3931 
1 4 3816 6901 9842 3931 
1 2 3931 743 
2 3 9857 6901 3816 
1 6 11825 4024 3920 726 3729 11707 
1 5 11677 11840 11843 10749 726 
1 4 6907 920 3727 726 
1 5 11707 6749 9703 11688 740 
1 5 9817 724 6941 877 6907 
1 4 10024 1093 9903 832 
1 4 4098 9889 11884 832 
2 6 3938 6914 11863 3953 11812 832 
1 5 875 3871 6896 9778 3953 
1 4 6914 9852 6879 3945 
1 5 3816 11737 7213 871 9896 
1 4 6906 3799 3891 3945 
2 4 6287 6393 3260 3325 
1 4 394 6235 6364 3277 
1 5 9335 11318 336 11360 241 
1 2 9335 6336 
2 4 6469 3512 9363 6241 
3 2 6241 391 
1 3 391 68 3314 
1 3 6241 6286 9335 
3 3 9498 3211 391 
3 2 9498 3262 
3 3 6598 11419 3262 
3 2 6598 516 
2 4 587 9522 11562 11519 
1 3 11519 13068 516 
2 4 6583 11435 11470 11494 
2 3 587 3547 11494 
1 2 9559 6583 
1 2 6560 516 
1 3 516 3576 11483 
1 3 11483 3536 11548 
1 4 11506 9534 6569 485 
2 4 11506 9561 454 11420 
1 3 11420 9500 11548 
1 2 11563 9434 
2 5 11563 9578 3549 9523 11506 
2 9 11506 9523 3549 3534 553 11521 11535 3579 6449 
2 4 512 9725 9523 11506 
2 4 3671 9492 6533 512 
2 8 11506 9523 6547 11463 3509 3495 527 9495 
2 5 3552 6572 9525 11508 9495 
2 5 3671 9492 9478 503 11465 
2 3 11465 9510 6536 
2 4 6657 655 3659 3671 
2 5 620 3626 651 669 3671 
2 7 9737 11565 595 11582 629 11596 3671 
1 5 9737 11565 595 3598 620 
2 6 6766 11702 6775 11720 9717 9737 
3 3 740 6756 743 
1 4 743 9710 6777 9737 
2 6 743 11697 11699 929 3749 6766 
2 6 6766 11702 6775 9734 9751 620 
2 4 9824 9853 3946 6960 
1 4 6766 943 9723 6960 
3 5 6960 9898 11877 958 11834 
3 2 11834 911 
2 4 6788 3772 11891 9909 
3 7 11834 958 11713 762 780 3589 6613 
1 3 3594 11593 6613 
2 6 3594 9607 11576 6648 3621 620 
2 7 6960 760 11709 3754 769 9748 3594 
2 6 512 6518 9644 667 9609 9607 
2 4 6613 11794 648 3652 
2 5 9725 3506 3681 3669 3652 
2 2 3652 9642 
2 3 9642 6698 698 
2 11 11506 11518 6949 3506 9490 3533 6531 9658 6698 698 678 
2 4 678 1346 6529 9503 
2 6 9559 11502 3629 13343 549 9503 
2 4 11506 11518 11549 13011 
2 5 11420 454 3402 11549 13011 
2 3 11531 11502 9559 
2 4 11516 521 13340 9503 
2 8 11516 5291 6545 11732 551 6949 11518 11506 
2 5 6613 3589 6784 9745 6780 
2 5 6780 11730 9741 776 3780 
2 4 6788 3773 6790 3780 
2 3 9620 6683 678 
2 6 3780 607 6635 636 9618 9620 
1 3 663 9638 9620 
1 3 663 11640 3692 
1 7 663 11623 6680 6678 9633 11618 673 
1 4 9515 9681 3703 9665 
1 4 9665 11651 704 11666 
1 3 9648 6690 11666 
1 5 11666 6690 9679 6687 3673 
1 5 9648 9679 9650 3684 9665 
2 6 3673 3674 6673 3657 6656 11584 
1 3 688 3684 9665 
1 4 673 11634 3675 688 
2 6 663 11601 3641 9600 9584 3780 
2 3 603 3604 11584 
2 4 603 3776 773 3780 
2 6 673 11618 9630 11598 9598 603 
2 4 603 3776 11734 6606 
1 4 6606 6793 9582 11584 
2 4 3780 6790 9752 6606 
2 2 6606 782 
1 4 782 9924 967 925 
2 2 9904 11751 
1 4 11751 6862 6875 11833 
1 3 11833 6946 6973 
2 4 9907 1616 6985 6606 
1 5 9907 9879 9750 6862 11751 
1 4 925 6926 9794 9904 
1 3 6831 9838 925 
2 4 11837 9784 6843 883 
1 4 883 6939 3966 6831 
2 3 819 11803 883 
2 2 11846 9904 
1 4 11846 923 9826 819 
2 8 9990 12066 3901 10027 3968 851 955 819 
1 2 11998 11837 
1 6 9990 12066 12098 10027 9856 11837 
1 2 4014 4159 
2 4 4159 1156 3857 10074 
1 5 11773 11874 11824 9772 6891 
2 6 383 3307 6412 9362 6345 9279 
2 4 11380 11082 161 6050 
2 10 9279 11376 9300 9410 9251 9329 9406 6397 9393 11380 
2 12 383 6331 3286 3375 3063 6188 9209 9109 11188 11082 161 6050 
1 6 9279 11376 6120 11160 11327 11215 
2 4 6296 6360 6229 9483 
2 4 9483 6342 6222 9340 
1 3 9483 3354 9262 
2 6 3320 9295 11342 11226 11358 310 
1 5 9340 10323 11222 7482 310 
2 5 514 573 469 9414 11542 
1 3 3583 9457 11467 
1 3 11666 6739 9692 
2 4 9692 541 3484 11539 
1 4 11539 581 3550 3581 
1 6 9660 9690 6561 11679 541 9692 
1 6 9660 11663 9676 6720 3700 11666 
1 6 9660 6703 682 3670 9611 11581 
2 5 11581 3654 596 6650 9627 
1 3 6626 599 9627 
2 6 9648 9646 3654 596 6650 9627 
2 5 11581 3654 596 9646 9648 
1 5 619 3623 6670 11625 9660 
1 5 11581 624 9595 6647 619 
2 4 619 3617 11580 11586 
1 4 9606 11787 3617 619 
2 3 3601 3592 11581 
1 5 3601 6611 984 3974 3924 
1 2 1056 12442 
2 5 3882 11832 9906 9890 9602 
1 4 9602 6634 11583 11586 
1 4 11818 3526 3833 3882 
2 9 4109 3988 1109 976 863 6930 3844 10163 11818 
2 5 9602 11887 11868 965 949 
1 8 949 3971 3952 3819 6842 9769 649 9783 
2 4 949 3908 3937 6923 
2 7 9833 6895 13547 3893 11905 9862 6923 
2 2 3663 9617 
1 4 657 6677 11603 9617 
1 9 9548 6761 744 3741 6747 9701 11652 9651 3663 
1 8 3663 3636 3639 637 3645 11657 3649 9606 
1 9 3663 660 6695 6709 11639 676 11622 693 6711 
1 3 6711 3709 3696 
2 6 3696 11644 699 6716 716 9660 
1 3 746 713 3696 
1 5 3581 6586 11691 3548 746 
1 2 6314 3288 
1 3 9483 3354 6314 
1 3 6332 11265 3288 
2 8 9340 9240 9317 11291 3174 3074 496 3152 
2 5 3152 11426 11127 11443 4640 
1 7 4640 126 3120 181 11080 6174 3151 
1 4 11105 6108 9194 3083 
1 4 3151 3060 9100 9206 
1 5 9206 6082 11056 9183 9073 
1 6 9073 67 9167 6144 9129 11105 
1 5 11370 277 6340 6413 3320 
2 9 362 3380 3351 6347 6321 9290 6567 524 3544 
2 8 3544 9400 9508 493 9439 11515 17 6558 
1 8 6558 388 11232 279 3324 389 3380 362 
1 2 11467 6464 
2 6 9427 11430 3497 6416 467 3544 
1 4 6464 9567 9551 3583 
2 7 9427 11413 3410 6499 6522 9468 11479 
2 6 11479 9558 422 11441 6546 3392 
1 6 3544 524 402 9544 11466 3392 
1 7 6103 9239 11471 6351 3422 540 6526 
3 5 6103 9239 6221 6270 9297 
2 6 9297 7239 3369 9484 9562 540 
2 5 6103 11374 221 271 322 
3 3 9297 11345 9315 
3 7 6103 11221 296 9322 364 11382 9315 
1 6 6384 3205 3301 6301 253 377 
2 4 9315 11382 9269 11297 
1 5 6384 6335 6399 11332 11218 
2 4 351 11299 11378 9392 
1 5 11218 6320 3287 6395 3273 
2 3 9392 9383 3273 
1 5 3273 9383 6300 3150 11136 
1 5 3273 9383 159 11306 9075 
1 4 3379 3242 3359 11293 
1 3 3379 3242 385 
2 5 11293 3342 9310 11267 7394 
2 3 3392 11247 11301 
2 8 6332 395 266 9327 11386 11329 11357 11301 
1 3 3320 9274 3393 
1 4 11370 11216 9236 9304 
2 7 9304 3309 6306 318 3281 347 11301 
2 7 3544 524 12562 3521 9521 3559 11399 
1 4 11399 6580 536 11479 
1 6 3544 524 12562 3521 9521 3458 
1 7 310 6459 3219 6326 6249 9323 11241 
2 4 11241 323 6293 11234 
1 8 11202 11097 3053 6139 181 11080 6174 3151 
1 6 11349 11326 366 3358 11282 6380 
1 5 11349 6264 3235 9287 11234 
2 4 11370 294 11322 3331 
1 4 3331 11220 11290 306 
1 3 11241 9241 3331 
1 2 3331 9289 
1 8 383 295 11070 69 147 3007 11184 6115 
1 7 9096 6151 9036 3094 9204 9103 6115 
1 9 6115 11078 9157 27 11037 3059 9170 6145 122 
1 4 11028 9157 11078 6115 
1 5 11028 9227 11206 9139 3022 
1 3 192 6055 101 
1 7 101 3095 11155 9226 9186 3104 9108 
1 11 9108 6083 6161 9220 11067 118 11185 6063 130 205 3108 
1 10 6050 9149 3182 11091 9117 49 9051 125 9035 3108 
1 4 9197 11068 149 3151 
1 7 9197 70 11059 11153 6057 90 11159 
1 10 11159 9118 3033 11092 155 11175 6021 94 9195 3189 
1 9 3189 86 3008 9162 3121 6181 9201 11117 3134 
1 8 11105 9129 11172 3025 6138 9038 6013 3122 
1 5 9073 11138 9056 9163 141 
1 10 11202 415 592 9485 6408 308 11291 9317 9240 9340 
2 10 306 3362 6387 9272 11254 335 401 3327 3391 6380 
2 4 11370 216 386 3350 
2 2 6373 3350 
1 3 6373 6344 9288 
2 3 9289 3378 6373 
2 7 6373 6319 9249 3507 9568 441 6593 
2 8 6593 3470 11543 572 513 422 6580 11399 
2 7 11479 491 11427 438 462 6429 476 
2 4 6593 11514 11464 9481 
1 5 11479 6483 11411 11550 9548 
2 8 11670 13490 754 9576 13489 9423 13491 476 
2 5 476 9481 11490 504 525 
2 8 3686 705 3722 568 737 3573 588 11405 
1 2 11405 11437 
2 9 11437 6423 6451 3452 458 11438 9465 504 525 
2 6 11437 453 472 3449 3466 6474 
2 5 9417 9430 6445 6493 6474 
2 6 9417 585 3587 3765 3752 3734 
1 4 3734 9696 3760 719 
1 3 3672 3682 3668 
2 13 3653 772 654 9626 1530 1599 12309 11674 11645 4477 4614 1536 7661 
2 13 3672 9647 685 11633 714 11678 9694 735 9709 6781 3587 585 9417 
2 2 413 3527 
2 10 9417 11434 11450 11459 3519 3540 6591 11412 11475 3527 
2 6 6474 3479 502 6530 3531 418 
2 7 3527 9552 9489 11439 3409 9556 418 
1 5 418 9449 3492 558 3580 
1 4 11504 3557 11397 418 
2 8 525 11557 9543 11530 9491 9519 559 11504 
2 4 525 11557 6458 11489 
2 5 9288 546 9506 3480 11489 
2 7 11489 6508 9566 3225 288 3306 3335 
2 9 3335 6252 11284 11235 11300 3263 6348 6414 6380 
2 4 3580 9260 9328 9355 
2 5 9355 9411 11242 3292 6262 
2 6 6262 6396 6290 9348 6414 6380 
2 3 413 6341 6398 
2 4 6398 6230 6279 3356 
2 7 3356 9330 11268 9282 9348 6414 6380 
2 8 11523 3578 3426 9460 433 11408 3465 9422 
2 7 6398 6369 9339 9312 11436 471 9422 
2 6 121 252 6356 9278 9378 6380 
2 7 121 9122 11099 2 9168 2996 9131 
2 4 9197 70 11174 3140 
2 9 3140 172 9107 3163 11083 81 9207 11189 9131 
2 12 6380 301 11362 6316 378 280 3370 3268 6392 6295 6299 11375 
2 3 11344 3303 11375 
2 11 6380 301 3290 9235 11217 214 3339 6362 6410 9407 11344 
2 7 9422 313 3304 6353 6382 9409 9258 
2 6 9258 9286 6391 11262 11394 11344 
2 9 11344 11277 3352 6374 6253 9373 11356 11243 6338 
2 11 9258 9286 11269 3317 286 3276 6302 6226 6275 9243 11225 
2 8 11225 11348 393 3357 3330 6515 9420 12128 
2 8 11225 11377 11256 3265 4324 4283 1305 1278 
2 6 1278 12117 10142 10329 12157 9292 
2 5 9292 1233 12287 10133 1821 
2 7 12128 3563 4322 1254 4294 7370 10253 
2 7 7243 4300 4374 4227 1314 12294 10253 
2 7 6338 260 9336 3251 3300 6388 6278 
2 11 6278 7403 206 1380 10286 10314 361 3280 7320 10133 1821 
2 7 7375 11228 237 3280 7320 10133 1821 
2 10 7375 11352 7346 12203 9293 370 3027 3139 272 6124 
2 13 9131 2996 11143 143 3135 9200 11075 73 3066 3103 6089 9214 6124 
1 5 7477 7563 4599 12491 12333 
2 5 3951 6808 9806 11784 11747 
1 5 3951 6871 890 11811 11829 
2 3 9878 3983 3951 
1 6 9878 3876 11860 940 9755 6807 
1 6 6807 9763 9830 961 6956 11746 
2 5 1821 9553 1543 10189 4824 
2 3 9292 1327 1292 
1 3 3325 3277 399 
1 3 3325 3277 6364 
1 3 11366 332 399 
2 23 1292 1775 1294 12521 4780 7800 1709 10696 1800 4670 7317 1879 1287 10161 10290 1668 10680 10550 7795 10547 1591 4224 12583 
2 8 4824 7846 7774 3472 10600 12652 4700 10696 
2 6 10696 12679 1733 1860 7825 7274 
2 9 1459 10148 10366 12397 7597 12329 7657 7600 7243 
2 5 1459 11687 7682 7501 1554 
1 6 12333 8099 10414 1649 10470 1554 
2 8 7274 4866 7757 12631 7886 10712 10639 12691 
2 8 12691 12621 1876 1813 10549 10661 12540 4797 
2 26 4797 1762 4837 10528 7835 1696 4705 1672 7786 4677 10574 12556 4832 10559 12543 7851 10678 12657 7763 4725 10655 7801 10722 7672 4805 12189 
2 9 957 6989 11750 6684 664 6686 11643 10466 12189 
2 16 7654 12472 13602 10479 13564 10491 12293 10135 13562 7642 4434 13561 7421 4406 7381 10279 
2 25 7408 1427 12122 12220 4388 1308 1281 12201 4312 1337 4371 7236 12144 1291 7342 12215 1376 13543 10297 4412 13544 7427 4424 13541 12299 
2 9 7408 10250 10221 12173 10411 7572 7353 7492 1488 
1 4 1330 12127 4336 1403 
2 4 1330 10154 10283 10344 
2 7 1330 12127 1417 12256 4626 4585 1492 
1 5 1492 7469 12464 1082 4425 
1 5 4075 12048 7015 12065 1469 
1 8 4075 12075 10075 12319 1522 4501 7446 1319 
5 2 1182 9998 
5 3 9998 7157 7087 
5 3 7087 12097 10125 
5 2 7072 11960 
5 5 10125 7187 4172 4142 11960 
5 3 7072 12031 7212 
5 3 7212 11946 1092 
3 3 1092 10052 11985 
1 2 11960 1136 
1 2 7072 1136 
1 8 1136 9985 10055 1167 7145 1191 7050 11985 
3 2 1025 7110 
3 2 7110 9950 
3 6 4102 1183 12006 11925 4164 7110 
1 2 11985 1025 
2 5 11960 4142 4172 7102 10032 
3 7 1182 4188 4100 7016 4118 1024 7169 
3 4 7169 12056 3848 6994 
1 6 1117 11930 4067 1063 9865 6994 
1 2 12007 1117 
2 3 12007 10128 10032 
2 5 10125 7187 10015 11989 12007 
2 5 1182 1097 11908 11989 12007 
2 3 3962 7532 10444 
1 3 10444 10512 12421 
2 3 6994 9859 3962 
4 4 4056 4086 1081 11977 
2 4 11948 10110 4126 11977 
4 4 11977 7204 7221 7125 
2 5 7125 9981 848 10083 6928 
4 5 7125 12040 11915 10065 4052 
4 5 4052 9790 912 11835 6981 
4 6 6981 3970 3839 3895 9885 11771 
2 5 11771 987 9781 11764 964 
1 4 964 3783 6851 1150 
2 3 9843 11761 10068 
4 10 11771 6951 11815 9835 6837 11886 3900 1052 12043 10068 
2 6 10068 9969 11996 11980 7189 1069 
2 5 9843 4140 12026 7109 4190 
2 5 1069 12045 4071 7089 10000 
2 5 4190 12062 4538 1519 4174 
1 3 9843 9776 952 
2 4 1069 4037 10043 7025 
1 9 11913 1146 10008 7094 11916 1161 11973 12055 7025 
2 3 7014 12052 10076 
2 4 10076 7120 996 11913 
2 4 7014 12076 4042 7191 
1 5 9974 7058 1096 11991 7191 
2 7 4190 1188 1169 4144 1139 9958 10364 
2 7 10364 12012 7568 10446 10462 7167 4619 
1 4 4619 4631 9999 7097 
1 3 3992 7653 1628 
2 3 10062 7108 1047 
1 5 7025 4010 10098 7656 10364 
2 5 12068 1091 11959 7214 7186 
1 4 1047 12095 1120 9970 
1 3 9991 12010 11968 
1 9 12338 10389 7565 7475 7537 7593 4644 10077 4245 
1 6 4245 12050 7124 4616 10443 10389 
2 7 4245 10077 4644 7593 7537 4544 4516 
1 5 4245 4062 7220 1444 12035 
2 5 4245 4062 4104 12063 10088 
2 5 10001 11978 12462 10116 10088 
2 5 10001 10255 4237 1228 7340 
1 5 7340 4280 12114 4472 8087 
2 6 10278 12180 10152 1430 4321 7340 
1 4 10278 1344 12734 8011 
2 4 1409 4327 7402 1321 
2 7 10278 1344 12734 10808 8067 7363 12275 
2 3 10190 7391 12275 
1 5 8011 8100 13553 4278 12105 
1 4 8011 8100 4414 10756 
1 4 10756 10259 5104 8087 
2 5 10278 1344 7310 12779 10756 
2 4 10756 10259 5104 1359 
2 5 1359 12142 4353 10270 1349 
1 7 12105 7250 12295 10210 12182 12269 1349 
3 6 1349 7013 4187 7150 11952 9975 
2 2 5055 12137 
2 4 5040 4045 2036 12137 
2 4 4516 10751 9973 4299 
2 3 4299 1377 12137 
3 4 12137 5086 10794 2086 
2 6 2086 2032 10729 12822 12005 10887 
2 7 2086 12868 2002 10772 10066 9084 10887 
2 3 10887 9084 8007 
1 3 3456 10108 4110 
1 3 10735 8098 5105 
2 4 10735 1971 10898 8007 
2 4 10887 4979 8022 12717 
1 4 9975 1144 7207 4132 
2 11 4245 4062 7220 1059 1538 4513 12375 10401 12420 4557 13551 
2 8 1349 7013 4072 7060 7430 12781 7619 13551 
2 5 11995 4953 4410 5040 5055 
1 3 7260 7344 10201 
1 4 5105 8013 12761 5075 
1 7 5005 7953 1922 2065 1982 10922 10837 
1 4 7602 10385 10768 10837 
1 2 2089 8001 
1 4 8001 2004 7994 2097 
1 11 2097 3795 1600 10106 10804 1549 12416 11871 9823 9893 12473 
2 2 12029 12473 
1 7 12473 7671 1606 1634 10882 10804 10106 
2 4 11746 806 3889 12473 
2 5 12473 7140 1056 4550 4111 
1 2 4111 792 
1 3 4206 1201 1065 
2 4 1065 7170 4486 4111 
1 2 1086 4206 
2 3 7151 10089 4017 
2 4 4111 4486 7170 7151 
1 4 4486 7001 7151 1086 
1 3 1065 7170 7151 
1 6 4206 4088 4161 11979 1155 12049 
1 2 4073 12049 
1 2 4073 7011 
2 6 4017 11976 12455 2027 2095 10835 
1 4 10835 8092 2033 12883 
1 2 11829 9833 
2 4 4345 4417 10320 7433 
2 10 7433 1284 12291 4362 7379 4432 1424 7304 7644 7361 
2 8 4345 4417 10320 10174 12221 1282 4342 4285 
3 3 4345 4270 3778 
2 8 3775 6797 9580 11567 3605 6625 4270 4345 
2 13 9450 6713 11641 11685 9684 6769 11669 9724 9711 722 11695 3763 3775 
3 6 3778 3635 3661 9634 6676 6510 
2 13 6510 9467 12278 12582 602 777 10718 4775 7899 1769 4875 4426 4872 
2 12 6510 9480 1299 4869 1782 10718 7794 13094 11571 4875 4426 4872 
2 3 12603 10611 4739 
2 5 4739 9669 6726 515 3010 
2 7 4872 12688 3721 12593 12663 3481 4739 
2 5 12603 1788 3721 12688 4872 
2 5 12603 10611 11440 10684 7787 
1 7 7787 4765 4877 4343 7853 1858 1408 
1 8 3010 6754 1347 7761 1737 7853 1858 1408 
2 4 1408 4428 10157 7315 
3 3 7315 12214 10327 
2 4 7315 7386 10271 12211 
2 2 12603 4759 
2 4 4759 10709 1752 3719 
4 4 3719 10618 6752 1866 
2 2 9450 12357 
2 8 12357 9657 926 1760 10526 3699 1719 1866 
2 6 1866 4807 4664 10341 12456 12357 
2 9 9450 12368 6737 11589 1560 10341 4664 4807 1866 
1 7 9450 6713 11641 695 691 11656 6710 
2 7 6710 9724 9711 722 11695 749 11654 
2 5 9450 6713 9654 11637 689 
2 4 689 3685 9825 6890 
2 5 6890 882 3687 6707 11654 
2 4 6732 3906 11830 9832 
2 8 3878 6911 3806 11665 10381 11662 7345 4345 
2 4 9832 6909 9847 3878 
2 2 3878 6882 
2 3 6882 3863 6845 
2 3 6845 3824 6984 
3 2 6984 3957 
2 5 3957 873 3823 11841 10412 
2 8 6845 6869 11785 9804 847 3850 880 11800 
2 4 6855 827 9808 11800 
2 11 9450 6713 9653 870 11791 3872 659 3853 6874 9808 11800 
2 6 1595 9796 831 11776 11760 6855 
2 2 1595 4527 
2 11 4527 4601 9775 9760 7528 3975 801 9923 6823 6929 3957 
2 6 12211 3513 12183 7865 12553 9616 
2 6 1866 9880 7536 12577 12646 12586 
2 9 9450 12312 11589 10478 7306 12418 11788 10666 12586 
2 6 12586 7852 3855 3613 4760 4723 
2 9 9450 12368 6737 10393 7539 1586 1678 9892 12586 
1 6 1595 4531 4437 10461 9682 9450 
2 10 11654 734 3733 3702 9708 1436 9693 3806 6911 3878 
2 4 6696 1881 10448 1595 
2 4 6696 12709 12568 9727 
2 3 4527 1445 9727 
2 4 1572 12381 1480 11975 
2 6 1843 9834 10489 866 12439 1572 
2 3 1572 1584 7388 
2 6 1572 12353 1433 12470 10492 12384 
2 3 12735 7422 492 
1 4 12384 7583 860 492 
2 3 492 10520 7480 
2 3 7552 7524 4464 
2 3 7552 1453 10449 
2 4 7552 1453 1643 1528 
2 5 1528 12401 6968 9829 3960 
2 4 3960 10861 10504 10337 
2 6 10337 1500 12313 4507 4535 7552 
2 5 10337 12410 4884 2042 6785 
2 4 10337 12341 1927 12782 
2 5 3960 7981 5022 1927 12782 
2 3 6785 12369 5015 
1 3 5015 10769 12835 
3 5 12782 6987 5061 2060 12835 
1 2 8097 10740 
2 3 12835 7973 8003 
2 3 8003 10916 10830 
2 3 10830 12745 8097 
2 6 12782 2019 12728 5038 10894 10740 
2 4 5021 2083 12721 12835 
2 3 1965 2011 4956 
1 2 4956 5021 
1 5 4956 2083 1952 12721 12835 
1 2 4956 10172 
1 4 1965 2011 2008 10172 
1 4 10172 12804 10853 8003 
1 4 1965 12755 4887 13089 
2 2 3834 853 
2 5 3834 7920 5044 12791 10740 
2 4 4908 4977 1945 8057 
2 5 13089 12746 12873 10895 8057 
1 3 8032 2051 13089 
2 4 12753 8236 10773 12810 
1 3 12753 10842 10886 
2 3 3960 9829 5001 
2 6 5001 7485 12458 12489 4444 1646 
2 3 7202 1547 11975 
1 4 10412 3925 11738 788 
2 5 7202 10029 7012 4491 7138 
2 7 12384 638 10394 1485 4653 4491 7138 
1 9 7202 7012 7134 11927 7083 7045 11783 6943 788 
1 4 1132 4168 6943 788 
1 4 7138 7083 12054 1132 
1 5 10412 9931 12445 10081 7138 
1 3 4464 7668 7480 
1 5 3957 951 11873 10343 7646 
1 5 7646 7466 4627 12637 9727 
1 3 9727 1582 913 
1 7 7622 10498 7451 10374 4476 7546 1550 
2 3 8252 5051 12798 
1 3 913 7791 10909 
2 3 12384 5090 10909 
1 4 12735 12803 968 10909 
2 4 12735 10192 10824 12501 
2 4 12501 1987 10615 7797 
1 2 1646 7797 
2 5 12735 1587 10753 7464 7797 
2 4 10449 10410 4510 1646 
2 4 6696 6974 12670 12501 
2 6 1595 12437 1604 7626 12305 4569 
2 7 4569 12305 10457 12497 7611 9682 9450 
1 4 4569 1621 12361 10717 
1 3 10717 1564 1534 
1 5 4569 12346 12463 10370 1534 
2 5 4569 4449 4540 4625 7797 
2 12 6464 506 584 11428 493 9439 11515 243 279 3324 389 362 
2 4 9508 548 3230 3295 
1 4 3295 3324 389 362 
2 10 9450 12368 6737 10339 1527 4590 7449 7607 12361 10717 
1 7 1866 9880 1867 12667 12620 3750 1747 
2 8 4723 10640 10711 1815 12651 1851 12585 4860 
1 3 4860 10593 10624 
2 4 12211 3513 4328 4274 
2 5 3588 6665 3471 10151 4274 
2 4 4274 4347 4331 3588 
3 3 3588 9697 9713 
2 4 9671 3677 6699 9713 
3 5 9713 6699 6694 6876 4518 
2 4 4518 9911 941 10387 
1 3 10387 10483 9814 
1 4 9814 11757 7517 1562 
1 3 1562 12374 7986 
2 3 7986 8115 853 
1 4 10387 12303 4727 7986 
2 7 10327 12673 12124 3781 6742 7779 4860 
2 11 4860 12572 4857 7880 1767 6722 12566 1836 4772 1752 3719 
2 4 10624 4863 7883 4759 
2 8 10327 1690 1832 4838 1854 1857 10593 10624 
2 5 10717 7834 1352 7892 4740 
2 4 1534 9802 4811 4740 
2 3 1534 2043 1806 
2 6 3960 2082 8025 5103 1618 1806 
1 3 1806 7904 10798 
1 3 10798 11802 4740 
2 5 3960 9920 5085 3875 3972 
2 3 10798 10702 3972 
2 5 4740 11802 7762 2055 3972 
2 2 3972 9908 
2 5 9908 12624 4586 10340 4740 
2 6 9908 12893 10867 8070 3867 10740 
2 4 10740 12791 3883 4975 
2 3 4975 10642 12627 
2 5 4740 10340 4586 1738 12627 
2 3 12627 10588 1827 
2 10 10717 7834 4757 12513 1753 10532 4871 12570 12642 1827 
2 9 10717 7834 1352 7892 12024 4814 4586 1738 12627 
2 3 1827 7780 4723 
1 3 853 1793 11814 
1 4 11814 4799 4657 10387 
1 4 853 7747 6897 10573 
1 4 10573 10645 12552 4975 
1 4 10573 7821 12765 11814 
1 9 12627 9792 868 1658 6887 1756 4742 10662 4865 
2 8 4865 10651 12573 12699 850 4799 4657 10387 
3 9 4865 10651 10591 7827 4736 10422 11698 710 9713 
2 3 4865 10582 12535 
2 4 12535 1789 10556 9616 
2 6 12535 7888 12633 12561 10640 4723 
1 4 1814 4804 12617 12604 
2 8 1814 4804 12617 7783 1713 7887 1565 4543 
1 4 1814 4804 7692 1801 
2 4 2197 5195 2203 2211 
2 5 7798 4776 12932 12924 12910 
2 8 7798 12576 7755 1667 10455 10682 12435 12406 
2 10 7564 7535 7522 4481 12308 7651 10487 10460 4560 7566 
1 4 1454 12104 1431 7669 
1 4 12364 1555 4573 7621 
1 5 12364 10402 12394 12409 1639 
1 4 12364 10402 12394 10418 
1 7 12364 12351 10390 8208 5184 12970 8215 
1 3 8215 10992 650 
1 2 650 8222 
1 4 650 5191 8194 5228 
1 4 5228 11000 5171 12994 
1 3 12994 8217 5131 
1 4 650 8229 8251 5121 
1 3 1639 12494 10935 
1 3 12364 12351 7500 
1 3 7500 10985 12942 
1 5 8187 10943 12453 10515 12364 
1 4 8187 8238 2173 2152 
1 5 10362 12496 1613 1626 4604 
1 6 7500 5163 10975 8255 5143 8216 
1 3 5131 2174 12930 
1 6 8216 10965 2224 5229 10987 12930 
1 3 12930 8157 5230 
1 3 5230 13195 13086 
1 2 2210 2182 
1 3 4604 4589 10447 
2 7 4604 4589 7594 1542 1529 5156 8181 
1 4 8181 7553 10947 10513 
1 2 10513 5112 
1 4 10513 10432 5172 10980 
1 5 10980 8190 12996 2153 10999 
2 4 10980 12334 8148 7476 
2 8 10513 10947 12972 5186 12937 2181 10959 8189 
1 6 10513 10947 12972 5186 7636 12977 
1 2 10946 8143 
1 4 10998 5182 10967 5168 
1 2 5168 2227 
2 6 12589 10415 12692 12547 13266 13267 
1 2 2229 10963 
2 6 1509 12940 5203 7605 13235 10963 
2 5 10697 13263 13262 13260 1509 
2 5 13267 13266 13265 13264 10697 
1 5 1468 13275 13276 13277 13278 
1 3 10400 13281 2213 
1 2 7576 1468 
1 3 1833 13270 13267 
1 7 10400 5106 1688 13290 10566 13289 8245 
3 3 10697 13272 5231 
3 4 10400 12648 13278 5231 
2 2 10963 4879 
2 2 2120 10929 
2 9 10929 13328 1874 13321 13318 13317 12963 13305 8214 
1 4 5231 13259 10668 8214 
1 5 5199 7872 1874 13328 10929 
1 4 191 12866 12504 5199 
1 5 8214 12963 1874 7872 5199 
1 3 10968 12925 5117 
1 5 2196 8205 12911 10932 8144 
1 3 5160 10860 1939 
1 3 1939 5196 5210 
2 3 7011 10005 11964 
2 4 7011 10073 7164 4076 
2 2 7011 3996 
2 4 3996 4055 1068 10031 
2 4 10031 7144 11974 12044 
2 5 11999 1064 12071 1151 12044 
2 3 8105 10745 7989 
2 2 7989 2046 
1 3 2046 2003 12725 
2 3 2046 12881 12806 
2 5 11921 4129 7162 7180 11969 
2 2 9994 11969 
2 2 12051 7081 
2 6 7081 1160 4163 1046 7180 11969 
2 6 12051 7065 13077 4131 11939 1145 
2 5 1145 9964 12760 11923 7132 
1 6 7132 4150 7008 12018 7958 4933 
2 7 7132 4116 989 1111 4097 11987 7100 
1 5 7100 1194 10113 13351 9945 
2 3 7100 10070 7069 
2 4 7069 10023 4139 4108 
1 3 5010 7980 8124 
1 4 2012 8015 12710 4948 
1 5 2050 12900 2025 1969 4972 
2 4 9570 6462 9511 11467 
2 5 9427 11430 3497 6416 3458 
1 3 3458 467 3544 
1 3 9817 11673 6734 
1 4 915 9882 3915 6766 
2 4 321 11305 9320 9347 
1 5 3522 9238 9294 11305 321 
1 5 3522 9238 9294 9320 9347 
2 7 2086 2054 1908 4984 10847 1980 4110 
2 8 2086 2054 7905 2092 1199 12743 12092 9975 
1 8 3022 6038 3111 11049 3162 11052 46 3108 
2 7 11542 9429 583 421 6562 3414 3583 
1 4 3583 3414 6562 3569 
1 5 3569 557 3718 6739 11666 
2 6 11542 9429 583 421 6562 3569 
2 3 1965 8089 12810 
2 4 4908 10765 8012 3834 
2 3 7859 12435 12406 
1 9 12406 7520 10388 4478 4658 10500 12451 10430 7564 
2 4 8186 5225 10925 12910 
1 10 12406 1537 10427 12377 11019 2114 8249 5211 5225 8186 
1 13 8186 10927 8165 5197 12948 2191 10969 8200 10949 1526 10983 2157 1652 
1 9 6928 3981 3852 6922 959 6822 898 6944 9897 
1 9 10433 9782 10503 12482 11906 6811 810 3977 957 
1 7 957 3977 810 6811 9766 973 9897 
1 8 4572 7663 11864 9913 9928 11893 6964 9897 
2 5 11771 11808 916 4642 4572 
1 4 4572 4503 7652 10433 
2 3 10433 7582 4506 
2 10 4506 12485 4876 10638 13150 4745 7743 10612 4719 4677 
3 5 744 9716 565 11686 754 
1 7 11225 9299 11319 3382 11339 372 6338 
1 7 11459 500 6544 9516 533 9504 3529 
1 7 11408 9564 3539 11485 9436 3582 3555 
2 15 1876 7841 4750 1803 4808 1735 7828 4737 1792 12538 4795 12611 7765 7817 10641 
1 10 12157 1334 7328 10256 4215 4261 1406 1210 12298 12128 
1 13 3563 3502 9462 432 11552 11469 11455 3618 9453 642 475 3593 11701 
1 13 1314 4376 10164 12139 1272 12266 7383 10268 12111 7425 4333 12152 1879 
1 7 4805 12192 12263 4290 3664 13623 12559 
1 4 4737 12575 4835 7736 
1 3 12611 4855 7889 
1 7 11523 9432 11421 6502 6339 9365 9243 
1 7 6620 9592 3622 11578 615 464 3618 
1 4 911 3928 13615 9909 
2 3 11735 13617 6626 
1 4 6626 628 13610 11584 
1 3 776 11726 6788 
1 3 6973 13614 6788 
1 7 3578 6539 9475 6506 6602 3555 3529 
1 11 3529 11474 520 3503 6541 6516 6486 9455 11429 6620 9753 
1 13 9753 11706 6758 3726 6748 700 6701 3668 4463 7624 4458 7495 7661 
1 9 6541 11538 3406 6430 9487 3467 6551 11473 432 
1 8 4661 10584 12594 11410 1794 1297 10652 7274 
1 3 7889 10714 1748 
1 5 10641 10701 12623 10572 4810 
1 3 4661 10235 1879 
1 5 7375 1754 12527 12187 4802 
1 10 9131 3175 11177 9202 6166 183 3065 11171 312 3338 
1 5 9206 11162 3050 6150 3187 
1 6 3122 11065 3172 66 195 11121 
1 7 4824 4754 4659 7833 1812 10692 4817 
1 4 1812 1659 12630 7796 
1 6 12691 4724 7815 10613 10686 4681 
1 6 4724 1777 12595 1780 10705 12555 
1 3 10696 10626 7722 
1 5 4802 7898 12393 10723 11098 
1 4 7796 4774 10677 11098 
1 8 9292 10213 4340 1363 12257 12285 4309 7383 
1 7 12669 4729 12686 4801 12605 7717 1762 
1 11 12669 10632 1787 12612 10575 4873 4222 7648 12348 4495 952 
1 8 1672 10683 12665 10708 7823 7885 4862 4801 
1 8 1762 1791 12579 10597 10627 10646 4690 10649 
1 15 1794 1779 10531 10713 7693 4823 4849 7737 7808 1855 10560 7864 12541 7806 12669 
1 3 1791 7676 7717 
1 3 10597 1689 7799 
1 3 12656 4788 7737 
1 10 4973 8112 1970 2015 7949 4682 7702 10545 10614 7732 
1 21 12656 7732 1838 12820 7971 2028 5100 12327 5057 1630 2022 556 1933 2006 1976 7301 12713 6932 11931 1004 10364 
1 4 9475 11395 11460 11523 
1 2 12975 8193 
2 2 11405 453 
1 3 10712 10580 10649 
1 3 10108 7049 10735 
2 3 4110 7084 1971 
2 5 10898 10139 8106 10173 8022 
2 4 10898 10843 10772 12822 
2 6 2032 11955 13499 9951 8114 4299 
2 3 5055 12786 10751 
1 2 10173 4979 
1 6 4072 7177 7205 12080 2105 11995 
1 3 12080 8076 11952 
2 3 2086 4915 5086 
2 3 4915 10807 2036 
2 3 1238 7447 12275 
2 6 8067 10246 12164 10149 7436 10278 
2 3 1409 4416 10246 
1 3 1273 4291 12105 
1 5 8087 11950 5019 10311 7060 
2 4 10401 8120 10801 4953 
1 8 10810 1116 1525 1553 10514 7634 1075 11968 
1 2 12050 2843 
1 3 10154 12197 7254 
1 2 10751 7334 
1 2 12708 10729 
1 3 5105 10813 10735 
1 3 2105 4106 2092 
2 3 2036 1949 11995 
1 2 5040 7938 
1 4 10001 7090 1579 12420 
1 4 10751 1569 4571 4544 
1 2 7207 4090 
1 2 7207 10118 
1 3 11221 11253 296 
2 3 6103 11333 3501 
2 4 6103 11333 13070 9458 
1 6 3369 6378 377 13495 407 11361 
2 5 9315 9379 9332 11270 351 
2 2 3205 11345 
2 3 9315 13496 6318 
1 2 9269 9332 
1 4 9322 3353 9250 11382 
2 4 11221 9268 11279 11345 
1 4 351 13492 219 11332 
2 2 6221 3369 
1 4 3359 369 11287 11371 
1 3 369 11287 3396 
1 5 11293 7377 285 11237 7394 
1 6 7394 9284 6289 11267 6313 3396 
1 4 3359 9303 11257 385 
1 5 407 3274 6363 311 3301 
2 2 3205 13496 
2 2 9268 364 
1 6 12432 7158 828 10397 6904 9843 
1 7 12432 10424 4525 2087 10629 8055 10724 
1 7 7089 1184 7105 1104 1200 13622 4205 
1 4 11913 1099 11994 7222 
1 5 7097 13143 12350 9982 9970 
1 5 7097 1640 11988 7653 3992 
1 8 3992 4038 7054 1066 9944 11920 12059 11991 
1 8 4504 10616 8095 7577 10335 7665 10517 7097 
1 3 4925 7240 6999 
1 2 4075 4119 
1 8 4075 1185 11936 10016 4397 12297 7280 1302 
1 7 1396 4401 12232 10232 12204 1285 10162 
1 3 11580 11577 6647 
1 7 6647 11574 6799 11899 953 9894 6889 
1 3 3585 6440 11542 
